a:3:{s:4:"time";i:1574144345;s:3:"ttl";i:3600;s:4:"data";s:13348:"
<div class="row">
	<div class="col-xl-12">
		<!-- Default -->
		<div class="widget has-shadow">
			<div class="widget-header bordered no-actions d-flex align-items-center">
				<h4></h4>
				
				<div align="center"><h1 align="center" style="display: inline-block;"><b></b></h1><button type="button" class="badge badge-info btn" data-toggle="modal" data-target="#examplemodalz" >query</button></div>
				<!-- <button class="btn btn-success" onclick="javascript:demoFromHTML()">PDF</button> -->
				<!-- Modal -->
				<div class="modal fade" id="examplemodalz" tabindex="-1" role="dialog" aria-labelledby="exampleModalLabelz" aria-hidden="true">
					<div class="modal-dialog" role="document">
						<div class="modal-content">
							<div class="modal-header">
								<h5 class="modal-title" id="exampleModalLabelz">Query</h5>
								<button type="button" class="close" data-dismiss="modal" aria-label="Close">
								<span aria-hidden="true">&times;</span>
								</button>
							</div>
							<div class="modal-body">
							<br>SELECT 
    <br>b.nid,
    <br>b.value AS 'PM Name',
    <br>b.DWType,
    <br>b.PMtype,
    <br>b.email,
    <br>b.uid,
    <br>CASE
<br>        <br>WHEN b.DWType IN ('PM' , 'Owner') THEN 55
<br>        <br>WHEN b.DWType = '0' THEN 0
<br>        <br>ELSE 79
    <br>END AS 'DWValue'
<br>FROM
<br>    <br>(SELECT 
        <br>n.nid,
            <br>n.title,
            <br>n.uid,
            <br>pv.value,
            <br>users.mail AS 'email',
            <br>ro.rid,
            <br>ro.name AS 'PMtype',
            <br>CASE
<br>                <br>WHEN n.uid IN (1261 , 1285, 1286, 2777, 4136, 4889, 4932, 16013, 50577, 74576, 95381, 115138, 123256, 124954, 129588, 129647, 129656, 134225, 137366, 138537, 140468, 144636, 145742, 146268, 150397, 155255, 156026, 156702, 158689, 163910, 168955, 171040, 171883, 173043, 173064, 174265, 176022, 176116, 176118, 177277, 177280, 178102, 179269, 179282, 181701, 183533, 185552, 187691, 187754, 187766, 187807, 188915, 190043, 190048, 190624, 192884, 193480, 193648, 195371, 197287, 197859, 199359, 199393, 202514, 202543, 202549, 202552, 202553, 202558, 203478, 205487, 205778, 211501, 211829, 214329, 215044, 216337, 254017, 254018, 254019, 254020, 254844, 258471, 258473, 259541, 260350, 261224, 261670, 268736, 269969, 270946, 272949, 273526, 273527, 275368, 276170, 281494, 282922, 288648, 296778, 300583, 301642, 301643, 310708, 312185, 319012, 323886, 329464, 329507, 330202, 336014, 337061, 338267, 340940, 343060, 343855, 344346, 344347, 345526, 347278, 348034, 349289, 350308, 350349, 352066, 354641, 355833, 356393, 357856, 357876, 358805, 358859, 360926, 363698, 365946, 367463, 368784, 371251, 374241, 375404, 379320, 379758, 380780, 380781, 380782, 383994, 386487, 387502, 395430, 395444, 400346, 403380, 405616, 406481, 412514, 414604, 416356, 416357, 418201, 428182, 428183, 429932, 432202, 434400, 437038, 438145, 440477, 440480, 443236, 443632, 443647, 447772, 448651, 450315, 450318, 453369, 455703, 460983, 465081, 466311, 471855, 477585, 477901, 487640, 499190, 508293, 518802, 520425, 521825, 521866, 524585, 531969, 535745, 555202, 555219, 555225, 555234, 582039, 582710, 598728, 632316, 641120, 670547, 674453, 676296, 686517, 691219, 692797, 695149, 714339, 716200, 767428, 769008, 784641, 799702, 800363, 863414, 880975, 884808, 884809, 884876, 884905, 910860, 914950, 965940, 985748, 991222, 1139966, 1196808, 265283, 144617, 112034, 188916, 1139934) THEN 'PM'
<br>                <br>WHEN n.uid IN (13 , 55, 94, 96, 121, 142, 211, 223, 341, 355, 1400, 1461, 2171, 2741, 2743, 2775, 2779, 2891, 2900, 2936, 2968, 3057, 3069, 3158, 3161, 3260, 3527, 3554, 3564, 3618, 3812, 4045, 4094, 4424, 6466, 7221, 7454, 8042, 9127, 10348, 11183, 13156, 16215, 16216, 16625, 17706, 18905, 18906, 20512, 20631, 29083, 39165, 42730, 46739, 48445, 48777, 50579, 64223, 70218, 73543, 73544, 74508, 78438, 78903, 79366, 79447, 81498, 83503, 86327, 86331, 87249, 88233, 90051, 90313, 90314, 91895, 94735, 94762, 97962, 98386, 102050, 106313, 106314, 107382, 109392, 110600, 111015, 111016, 111017, 111390, 111411, 111413, 112043, 112053, 115310, 122818, 123708, 123710, 127481, 127484, 127485, 128656, 129637, 129997, 130494, 131827, 131869, 132164, 132542, 132552, 137369, 137707, 137711, 138575, 140207, 140248, 140257, 142037, 142231, 142962, 144619, 144621, 144623, 144630, 144632, 144634, 144635, 144637, 144643, 144646, 145681, 145743, 146265, 146266, 146269, 147488, 147489, 147797, 147798, 147979, 148411, 149360, 150135, 151379, 153082, 153096, 153098, 153099, 153100, 153103, 154968, 154970, 154971, 154972, 155064, 155214, 157832, 157834, 157837, 158542, 158688, 160549, 160550, 160551, 162908, 162939, 162940, 163705, 163909, 165052, 165639, 165731, 165864, 166091, 166487, 166657, 167019, 167542, 167639, 167640, 167789, 168159, 168220, 168221, 168222, 168223, 168963, 169784, 169785, 169840, 169851, 169852, 170444, 170446, 171028, 171461, 171477, 171722, 171746, 171901, 172022, 172880, 174271, 174272, 174506, 174684, 174765, 175444, 175865, 177269, 177336, 177357, 177362, 178294, 178428, 179212, 180241, 180289, 180293, 180295, 180299, 180303, 180748, 180771, 181698, 181812, 181879, 182368, 182885, 183201, 183297, 183312, 183377, 184253, 184254, 184255, 184256, 184257, 184258, 184259, 184298, 184299, 184878, 185958, 186501, 187549, 187690, 187821, 189615, 189716, 190036, 190042, 190664, 190666, 193006, 193012, 193139, 193148, 193157, 193162, 193460, 193461, 193470, 193498, 193649, 193930, 194205, 194820, 195174, 195175, 195176, 195192, 195452, 197284, 197285, 197286, 197462, 197837, 197880, 197884, 197886, 197887, 198374, 198375, 198953, 199190, 199349, 199356, 199780, 199782, 199955, 200000, 200068, 200149, 200980, 201300, 202327, 202328, 202462, 202545, 202546, 202555, 202556, 202557, 204032, 205516, 205698, 205851, 205852, 205956, 206187, 206762, 206764, 209843, 211282, 211825, 212791, 212795, 212796, 212797, 213472, 213865, 213891, 215151, 215578, 215581, 215862, 216338, 216339, 217223, 221749, 222500, 223352, 224718, 224720, 227852, 229471, 230605, 230608, 230609, 231774, 233012, 236694, 238392, 238393, 238395, 238399, 239010, 246816, 248356, 249394, 249398, 251452, 254021, 255802, 256785, 257236, 258472, 258474, 259542, 259960, 260352, 261192, 261195, 261196, 261202, 261203, 261663, 261664, 261665, 261667, 261668, 262413, 263241, 263661, 263733, 263734, 263735, 263736, 264077, 264105, 264639, 265058, 266403, 266449, 266503, 266504, 266505, 267012, 267454, 267457, 267471, 267916, 268021, 268696, 268732, 268733, 268734, 269300, 269966, 269967, 269970, 270139, 270614, 270934, 270935, 270947, 272643, 272947, 272948, 273104, 273510, 273736, 274333, 274339, 274581, 274583, 274584, 274587, 274589, 274590, 274592, 274594, 274597, 275366, 275367, 275370, 276002, 276003, 276007, 276171, 276392, 277150, 277151, 277562, 278279, 278607, 278608, 278831, 278846, 279001, 279041, 279208, 279209, 279288, 279652, 279653, 279657, 280540, 281491, 281493, 281496, 281501, 281502, 281820, 281857, 281971, 282496, 284110, 285500, 286735, 286751, 287186, 287248, 288393, 288649, 288653, 288655, 288742, 290034, 291647, 292313, 292700, 293632, 293633, 293635, 293636, 294025, 294028, 294674, 295217, 295238, 296879, 298179, 298189, 298204, 298210, 299089, 300287, 300513, 300585, 301621, 301622, 302659, 302672, 304383, 304489, 305185, 305193, 305207, 307310, 307973, 307975, 309865, 310076, 310705, 310707, 310711, 315252, 315253, 317943, 320678, 320690, 320691, 321267, 321889, 322957, 322964, 330207, 332147, 333200, 333201, 333206, 333693, 334539, 334621, 334622, 335369, 335370, 337771, 337772, 338707, 338764, 338777, 339368, 339427, 339721, 339769, 340525, 340526, 341009, 341041, 343766, 343782, 344274, 344413, 350309, 350311, 354642, 356072, 357910, 357985, 357996, 358305, 358337, 359436, 359920, 360948, 360949, 360950, 361613, 362008, 364517, 364956, 365947, 366040, 367429, 371252, 373613, 375403, 379363, 380768, 380863, 380864, 384178, 387380, 387767, 389687, 389759, 391848, 395442, 395443, 395445, 395446, 406540, 406541, 406543, 406544, 407407, 408643, 408645, 411869, 412512, 414601, 422016, 425020, 427256, 429376, 430855, 430856, 430857, 433673, 435629, 435836, 440818, 442036, 443648, 443649, 445014, 445016, 445080, 445890, 448750, 448753, 448755, 448756, 450301, 451211, 451212, 451310, 452311, 452526, 454083, 455650, 455652, 455664, 455671, 455699, 455700, 455702, 456382, 456383, 457592, 459180, 459183, 460344, 460346, 460952, 462663, 462665, 463150, 464287, 465083, 465427, 465842, 467305, 468810, 471126, 471856, 473804, 473966, 474003, 474293, 475324, 475325, 477238, 477241, 477349, 478696, 478697, 479095, 479097, 481337, 481338, 483519, 485845, 486686, 489335, 489336, 489558, 490050, 491913, 494723, 499191, 499192, 499193, 499194, 499200, 502831, 502839, 502930, 502939, 503433, 503445, 508292, 511031, 517412, 521037, 521864, 523692, 527559, 529117, 555205, 555208, 568338, 568339, 568340, 568341, 568342, 568347, 568349, 568350, 575875, 579271, 579272, 579324, 579325, 582033, 582034, 582038, 583271, 583272, 584455, 584456, 585216, 585634, 593156, 596142, 597058, 599950, 600600, 601647, 602760, 603440, 604113, 606461, 616006, 616673, 623570, 623686, 624589, 624590, 624593, 624594, 628981, 636029, 636236, 637585, 637586, 640663, 646253, 651147, 657794, 658241, 662856, 662995, 663058, 665714, 670986, 672589, 674263, 675073, 675074, 675359, 676018, 676293, 676294, 676297, 677969, 679129, 679140, 681768, 685783, 686483, 687391, 687400, 687487, 688283, 688290, 688423, 691764, 691881, 700087, 702696, 702725, 703775, 705478, 706274, 709034, 709829, 712949, 715686, 715701, 716198, 716199, 717617, 721829, 721941, 721942, 722060, 723084, 723091, 723438, 723855, 724761, 724762, 724769, 724770, 726052, 726053, 726809, 726810, 726814, 729211, 729214, 730005, 736301, 739501, 739759, 739760, 742419, 744888, 745934, 745938, 746379, 746969, 748322, 748330, 749638, 750023, 752390, 752402, 752924, 757122, 757161, 764047, 764531, 764545, 766115, 768939, 769009, 769011, 771419, 771420, 771422, 776855, 777024, 778889, 779446, 779447, 780063, 780408, 783100, 783471, 783546, 784296, 784305, 784329, 784640, 784643, 785690, 785766, 795684, 795908, 801718, 810445, 810789, 811732, 811764, 811807, 812150, 813519, 815801, 832256, 832265, 838179, 838193, 838809, 839450, 839452, 839453, 839480, 860646, 863413, 884902, 886615, 889188, 889208, 892509, 897559, 941120, 941121, 949212, 951260, 955749, 967940, 989606, 991155, 993295, 1004227, 1008574, 1021057, 1024516, 1024517, 1024518, 1024519, 1024520, 1024521, 1024522, 1024523, 1024525, 1024526, 1024527, 1033747, 1033862, 1053328, 1057185, 508300, 391735, 276694, 1090699, 176117, 238396, 3092, 1245385, 1299580, 1299596, 1353624, 1458538, 1444862, 170345) THEN 'RA'
<br>                <br>WHEN users.mail IN ('hello@leavetown.com' , 'tahoelodging@vailresorts.com', 'globalwholesale@vailresorts.com', 'lmire@vailresorts.com') THEN 0
                <br>WHEN ro.rid = 6 THEN 'Owner'
                <br>ELSE 'check'
            <br>END AS 'DWType'
    <br>FROM
<br>        <br>radb.node n
    <br>LEFT JOIN users ON users.uid = n.uid
    <br>LEFT JOIN users_roles ur ON ur.uid = users.uid
    <br>LEFT JOIN role ro ON ro.rid = ur.rid
    <br>LEFT JOIN profile_value pv ON pv.uid = users.uid AND pv.fid = 21
    <br>WHERE
<br>        <br>n.nid IN ( <b>LIST_OF_NID</b> )
    <br>GROUP BY n.nid) AS b
<br>GROUP BY b.nid
<hr>
<i>query by slamet.awaludin@redawning.com</i>							</div>
							<div class="modal-footer">
								<button type="button" class="btn btn-secondary" data-dismiss="modal">Close</button>
							</div>
						</div>
					</div>
				</div>
			</div>
			<div class="widget-body">
				<br>
				<h6 align="center" class="text-muted font-italic">this table used to find damage waiver type and the amount per nid.</h6>
				<hr>
				<form method="post">
					<div class="form-group">
						<!-- <label for="account_name">Account Name</label> -->
						<input type="text" class="form-control" id="account_name" name="nid" placeholder="By NID/s (separated with comma)"autocomplete="off" value="<?php 
						if( isset($_POST['submit']) ) {
  echo ($_POST["nid"]);
} else {
echo "";
};
						?>">
						<br>
						<div class="senter"><button type="submit" class="btn btn-dark" name="submit">Submit</button>
						</div></div>
						<br>
						<br>
						<?php
						// var_dump($opt);
						// error_reporting(0);
						// $inputnid = explode(",",$_POST['nid']);
						// var_dump($inputnid); ?>
						<div class="container-fluid table-responsive" id="export1">
							<?php if( !isset($_POST['submit'])) {
							}else{?>
							<table class="table-striped" >
								<tr>
									<th>No.</th>
									<th>NID</th>
									<th>Account</th>
									<th>DW Type</th>
									<th>PM Type</th>
									<th>DW Value</th>
								</tr>
								<?php $i = 1; ?>
								<?php foreach ($dw as $key) {;?>
								<tr>
									<td><?php echo $i; ?></td>
									<td><?php echo $key["nid"]; ?></td>
									<td><?php echo $key["PM Name"]; ?></td>
									<td><?php echo $key["DWType"]; ?></td>
									<td><?php echo $key["PMtype"]; ?></td>
									<td><?php echo $key["DWValue"]; ?></td>
								</tr>
								<?php $i++;}; ?>
								
							</table>
							<?php }; ?>
						</div>
					</div>
				</div>
			</div>
		</div>";}